 1
 1
 1
 0
 1
 1
128
161
64
244
7
183
139
45
45
110
225
4
83
136
141
7
43
129
225
145
234
47
22
109
87
6
151
38
234
50
104
66
194
140
59
211
33
64
124
221
190
122
56
64
38
146
33
97
197
239
67
249
188
198
219
170
252
100
103
143
102
0
3
209
123
253
195
151
113
146
255
225
198
105
7
246
111
140
66
68
83
159
132
47
93
32
59
56
126
98
187
206
217
2
22
87
233
86
196
233
9
247
201
173
167
17
76
136
8
255
115
62
13
99
31
86
168
182
54
161
151
198
128
233
134
53
111
189
174
208
98
38
166
45
226
226
255
165
21
87
22
115
13
165
122
232
164
16
192
252
246
117
160
178
209
32
160
38
30
76
191
249
227
179
135
101
236
164
113
232
161
97
151
169
146
221
192
162
71
244
217
243
78
109
38
182
45
103
191
91
248
1
25
80
64
245
114
33
240
82
47
51
123
115
89
201
9
3
154
233
19
95
240
58
93
54
76
52
61
132
97
5
246
144
53
252
42
45
178
105
92
98
10
163
242
124
182
241
208
3
96
240
247
77
221
181
126
167
32
29
128
128
69
57
209
234
46
45
180
85
52
83
152
148
66
32
182
182
148
227
114
113
227
196
48
200
70
71
235
199
177
130
176
122
190
81
162
229
25
173
83
168
123
193
187
153
183
33
49
74
49
63
42
33
142
24
185
209
50
157
66
6
13
21
212
51
164
169
251
91
79
13
60
208
162
6
207
21
4
237
194
222
228
241
249
226
199
147
222
192
43
44
3
57
55
112
245
111
209
245
3
40
230
26
123
166
42
215
10
5
83
131
197
35
11
106
195
119
190
87
48
244
80
133
168
52
52
239
20
63
124
49
199
64
171
129
254
148
169
102
71
62
239
129
21
4
145
10
227
183
226
31
40
52
9
199
80
222
46
207
130
154
4
69
184
142
146
168
56
203
140
249
244
4
241
166
200
84
49
19
45
212
142
123
10
128
90
135
224
252
18
60
45
8
137
159
120
176
217
28
26
160
12
115
219
85
120
194
192
236
79
100
190
65
49
243
195
41
157
181
156
11
129
172
24
238
149
47
223
85
159
120
135
148
254
68
110
191
219
68
255
63
43
45
64
137
186
184
15
38
29
222
185
187
38
170
61
168
140
40
159
114
251
30
