1
0
1
1
81
171
0
0
139
12
3
0
120
170
0
0
186
255
0
0
129
137
2
0
33
93
0
0
236
86
0
0
4
104
254
255
210
99
255
255
143
163
255
255
110
226
0
0
79
48
0
0
58
247
0
0
227
212
255
255
140
108
255
255
155
6
0
0
108
74
0
0
209
235
255
255
192
97
255
255
59
87
253
255
115
148
1
0
238
208
255
255
93
54
254
255
87
204
253
255
168
140
253
255
90
14
255
255
177
255
253
255
124
194
255
255
124
184
1
0
98
51
1
0
131
222
253
255
87
7
0
0
231
101
255
255
146
158
3
0
125
116
255
255
99
214
1
0
4
44
254
255
244
27
2
0
15
226
254
255
21
218
1
0
244
89
0
0
62
195
0
0
139
162
254
255
115
187
254
255
5
34
1
0
98
207
255
255
110
161
0
0
160
151
0
0
188
97
253
255
34
233
253
255
80
6
1
0
92
219
254
255
102
23
255
255
155
177
0
0
160
121
254
255
99
124
253
255
160
157
255
255
250
193
254
255
218
107
0
0
18
0
254
255
229
73
255
255
150
244
254
255
178
90
0
0
0
113
254
255
70
30
1
0
82
152
255
255
85
105
254
255
222
98
255
255
133
38
1
0
252
204
253
255
253
230
1
0
205
240
1
0
235
157
0
0
244
220
0
0
72
224
254
255
106
73
255
255
107
195
255
255
21
211
255
255
74
94
1
0
108
26
0
0
27
236
254
255
181
107
254
255
242
152
2
0
64
121
255
255
40
14
1
0
17
214
254
255
211
245
0
0
118
131
254
255
22
247
254
255
239
95
0
0
223
81
1
0
25
51
255
255
74
59
2
0
165
123
3
0
166
91
255
255
171
252
255
255
137
168
254
255
141
231
255
255
108
207
1
0
89
38
0
0
253
143
255
255
108
250
255
255
155
105
255
255
174
226
254
255
192
19
255
255
98
229
254
255
188
69
255
255
34
57
0
0
237
35
2
0
131
200
255
255
110
222
254
255
47
247
255
255
202
251
255
255
30
250
0
0
150
83
255
255
105
151
254
255
52
173
1
0
130
132
255
255
67
211
255
255
229
55
255
255
42
151
255
255
16
154
0
0
69
124
0
0
111
217
254
255
63
248
254
255
10
102
254
255
70
32
254
255
151
46
255
255
111
23
0
0
179
178
0
0
4
81
0
0
57
72
3
0
227
102
255
255
170
230
255
255
228
199
1
0
241
142
2
0
13
217
255
255
54
129
0
0
163
32
0
0
149
76
255
255
107
36
1
0
43
125
0
0
212
226
253
255
145
249
254
255
6
193
254
255
40
245
255
255
148
7
1
0
253
187
2
0
188
51
0
0
96
141
255
255
60
132
255
255
46
175
1
0
85
38
255
255
89
94
0
0
236
228
255
255
6
48
1
0
40
250
255
255
103
25
255
255
229
152
255
255
32
199
254
255
7
252
0
0
1
45
254
255
204
201
0
0
56
28
1
0
245
156
1
0
173
14
0
0
29
111
255
255
182
250
0
0
52
131
0
0
61
50
255
255
134
142
1
0
235
120
253
255
38
155
255
255
183
17
255
255
66
32
0
0
181
57
254
255
212
78
255
255
248
193
255
255
4
12
3
0
240
87
255
255
135
88
0
0
78
211
253
255
169
86
0
0
129
88
255
255
162
26
254
255
165
13
254
255
24
9
0
0
125
219
0
0
13
21
0
0
170
143
0
0
220
118
0
0
160
152
253
255
119
250
253
255
221
93
255
255
124
102
255
255
64
238
1
0
90
12
2
0
150
22
1
0
149
109
254
255
121
150
0
0
17
241
255
255
125
25
4
0
230
18
0
0
191
170
255
255
220
23
0
0
113
63
1
0
110
206
253
255
166
2
0
0
71
176
254
255
160
253
254
255
222
19
0
0
25
61
1
0
194
145
0
0
122
125
254
255
246
214
255
255
29
181
254
255
75
159
254
255
38
41
1
0
200
239
1
0
118
25
255
255
156
39
0
0
200
73
254
255
107
73
255
255
60
48
1
0
139
106
0
0
216
27
255
255
190
218
254
255
23
90
1
0
145
237
254
255
56
207
255
255
132
95
255
255
173
205
0
0
148
72
0
0
250
221
1
0
144
158
0
0
215
82
253
255
201
0
2
0
41
249
0
0
27
196
254
255
143
206
254
255
6
180
254
255
31
216
255
255
92
121
2
0
73
115
255
255
76
1
1
0
147
54
0
0
112
8
0
0
229
43
0
0
34
2
255
255
122
173
1
0
50
85
252
255
109
75
1
0
247
8
254
255
240
252
1
0
74
185
254
255
136
205
254
255
207
11
1
0
