1
0
1
1
22
8
0
0
34
252
255
255
189
247
255
255
5
10
0
0
33
12
0
0
128
233
255
255
128
233
255
255
25
5
0
0
160
5
0
0
91
240
255
255
38
22
0
0
209
242
255
255
217
249
255
255
137
13
0
0
107
254
255
255
48
253
255
255
224
16
0
0
135
0
0
0
144
247
255
255
93
253
255
255
254
242
255
255
204
21
0
0
138
253
255
255
167
239
255
255
194
1
0
0
58
17
0
0
44
16
0
0
117
18
0
0
74
242
255
255
233
7
0
0
98
7
0
0
76
255
255
255
81
9
0
0
80
236
255
255
62
254
255
255
225
0
0
0
13
17
0
0
52
234
255
255
185
10
0
0
36
9
0
0
92
13
0
0
126
9
0
0
89
16
0
0
50
10
0
0
48
253
255
255
179
16
0
0
87
3
0
0
245
251
255
255
18
238
255
255
135
0
0
0
149
1
0
0
85
246
255
255
165
15
0
0
55
20
0
0
159
21
0
0
247
8
0
0
67
8
0
0
106
14
0
0
48
253
255
255
205
5
0
0
10
20
0
0
17
254
255
255
64
11
0
0
16
14
0
0
101
4
0
0
45
0
0
0
152
254
255
255
255
15
0
0
147
244
255
255
27
18
0
0
233
7
0
0
254
242
255
255
174
6
0
0
41
19
0
0
182
13
0
0
183
253
255
255
37
249
255
255
228
253
255
255
123
12
0
0
122
239
255
255
192
244
255
255
217
249
255
255
170
236
255
255
181
240
255
255
139
237
255
255
13
17
0
0
77
239
255
255
200
251
255
255
221
19
0
0
212
239
255
255
124
252
255
255
193
17
0
0
187
234
255
255
119
242
255
255
231
250
255
255
197
254
255
255
147
244
255
255
92
13
0
0
70
5
0
0
174
6
0
0
32
239
255
255
160
5
0
0
189
247
255
255
74
242
255
255
32
239
255
255
145
20
0
0
62
254
255
255
76
255
255
255
192
244
255
255
208
2
0
0
212
239
255
255
200
251
255
255
114
21
0
0
1
240
255
255
73
2
0
0
55
20
0
0
222
3
0
0
75
15
0
0
177
3
0
0
1
240
255
255
211
255
255
255
186
250
255
255
186
250
255
255
233
7
0
0
46
240
255
255
174
6
0
0
58
17
0
0
144
247
255
255
150
241
255
255
57
244
255
255
131
19
0
0
81
9
0
0
142
234
255
255
245
251
255
255
128
233
255
255
206
245
255
255
139
237
255
255
77
239
255
255
126
9
0
0
254
242
255
255
136
240
255
255
30
15
0
0
115
5
0
0
103
17
0
0
73
2
0
0
230
10
0
0
55
20
0
0
211
255
255
255
104
1
0
0
232
234
255
255
92
13
0
0
253
2
0
0
91
240
255
255
105
241
255
255
85
246
255
255
107
254
255
255
149
1
0
0
245
251
255
255
116
245
255
255
30
15
0
0
245
251
255
255
75
15
0
0
222
3
0
0
90
0
0
0
37
249
255
255
54
247
255
255
223
243
255
255
58
17
0
0
38
22
0
0
216
9
0
0
95
10
0
0
160
5
0
0
89
16
0
0
67
8
0
0
52
234
255
255
243
238
255
255
151
14
0
0
244
11
0
0
154
11
0
0
156
235
255
255
131
19
0
0
62
254
255
255
59
1
0
0
117
18
0
0
206
245
255
255
141
250
255
255
211
255
255
255
170
236
255
255
221
19
0
0
139
237
255
255
71
245
255
255
121
255
255
255
159
21
0
0
189
247
255
255
135
0
0
0
0
0
0
0
238
17
0
0
35
236
255
255
27
18
0
0
148
17
0
0
76
255
255
255
226
240
255
255
127
249
255
255
206
245
255
255
12
244
255
255
197
254
255
255
199
11
0
0
3
253
255
255
161
245
255
255
13
17
0
0
205
5
0
0
170
236
255
255
174
6
0
0
64
11
0
0
216
9
0
0
114
21
0
0
102
244
255
255
217
249
255
255
204
21
0
0
64
11
0
0
205
5
0
0
23
248
255
255
95
10
0
0
156
235
255
255
26
245
255
255
154
11
0
0
72
18
0
0
202
8
0
0
34
252
255
255
174
6
0
0
139
237
255
255
14
1
0
0
75
15
0
0
41
19
0
0
222
3
0
0
67
8
0
0
34
252
255
255
125
236
255
255
141
250
255
255
173
233
255
255
143
7
0
0
59
1
0
0
201
235
255
255
232
234
255
255
151
14
0
0
180
0
0
0
141
250
255
255
86
19
0
0
233
7
0
0
233
7
0
0
111
235
255
255
43
243
255
255
59
1
0
0
228
253
255
255
64
11
0
0
77
239
255
255
128
233
255
255
